0,40070509910583496;0,6335027227978031
0,8102986812591553;0,39933198226042976
1,2181379795074463;0,28421961898406634
1,6243994235992432;0,21747893517011843
2,0326592922210693;0,17593386909998776
2,4397268295288086;0,14832887496889263
2,845869541168213;0,12915106498969375
3,2521305084228516;0,11522931069503817
3,6591904163360596;0,1047848271197483
4,065937519073486;0,09817447549090373
4,473344564437866;0,09269140326358842
4,87959361076355;0,08603209098777395
5,287281036376953;0,08236736748398199
5,696147918701172;0,07771684721653341
6,103251218795776;0,07505183691739141
6,51029896736145;0,07209445097745142
6,916637182235718;0,06997148333587874
7,323577404022217;0,06710667444849863
7,738833904266357;0,06414640091203622
8,138936042785645;0,06223112431816375
8,53934621810913;0,060109458757307714
8,94579267501831;0,05846542950518584
9,35557746887207;0,05691797620399479
9,76274824142456;0,055171424016465645
10,169086694717407;0,054066257768161166
10,576647758483887;0,05274430038459896
10,986669540405273;0,05173019237812576
11,393763303756714;0,05027474296617527
11,801822900772095;0,04911685525459844
12,20804762840271;0,048223587777930066
12,618008852005005;0,04735771261749746
13,025198459625244;0,046517595961117764
13,43278980255127;0,04570177443396138
13,838964223861694;0,0445207295460675
14,246845245361328;0,04357316593953363
14,646921873092651;0,04247694023677979
15,056745290756226;0,0415953284587882
15,46311068534851;0,0407410893523831
15,87027359008789;0,03958815630067701
16,277636528015137;0,03863751119697048
16,68493938446045;0,03771937243760499
17,092531204223633;0,03712442205376135
17,49891996383667;0,03654259085749757
17,90627646446228;0,035693414429741395
18,3139705657959;0,03514236970560522
18,721701622009277;0,03446984464161026
19,12820339202881;0,03381457260348062
19,539701223373413;0,033302406003169235
19,947001934051514;0,03267670879994006
20,354793787002563;0,03206641402275323
20,76106548309326;0,03135374760149287
21,169503450393677;0,030548232792848365
21,57702374458313;0,029989121672970798
21,984599351882935;0,02944317744996977
22,39209771156311;0,02901549834883639
22,7984778881073;0,028491888087086505
23,206390142440796;0,028081611066357648
23,614922046661377;0,02748002349959345
24,022541284561157;0,026991017731130686
24,428795337677002;0,026512706460264292
24,836114406585693;0,025860667098269917
25,236199140548706;0,025406915205124527
25,6513512134552;0,024875268003633114
26,057504892349243;0,02427209350882628
26,464900493621826;0,0240189739385595
26,87257480621338;0,02352232712464314
27,280635356903076;0,022958494460037244
27,686933517456055;0,022643564108511184
28,097092151641846;0,022257094805238763
28,50493621826172;0,021803709179972583
28,912760972976685;0,02136125475032987
29,31987690925598;0,021000686563479903
29,72593116760254;0,020717368246118126
30,133842706680298;0,020369488314558218
30,54136896133423;0,019961096338683267
30,94914960861206;0,01962812200144631
31,355490684509277;0,019431395285854178
31,76159143447876;0,01910870372583959
32,17116856575012;0,01879216268557877
32,578622579574585;0,018605221711426333
32,984874963760376;0,018298331035625268
33,392425775527954;0,018057062678074227
33,79291486740112;0,017760665370939437
34,193970918655396;0,017469798838656972
34,60104727745056;0,017128011604791733
35,007303953170776;0,01684908419261103
35,416015625;0,016521183003750797
35,8265278339386;0,016200566293191596
36,236297607421875;0,015990771947022007
36,64254593849182;0,015732842068382356
37,05026316642761;0,015379736460273047
37,46068000793457;0,01513298097513796
37,86790370941162;0,014795108090537232
38,27450513839722;0,014605863674614538
38,682002544403076;0,014373119293326023
39,08977651596069;0,014144616567168346
39,49748516082764;0,01396474226879267
39,90539336204529;0,013699746259895902
40,305402517318726;0,013483209634276008
40,719992876052856;0,013270570278140463
41,127291202545166;0,013020327370561358
41,535531759262085;0,012775366825728217
41,94177460670471;0,01261493012625157
42,34898805618286;0,012417521147177847
42,75661301612854;0,012223612354985976
43,16535139083862;0,011995343255885877
43,57160758972168;0,011808724959644787
43,97961187362671;0,011625387192796852
44,38786292076111;0,011409525113163968
44,794997453689575;0,011233020145859167
45,202956676483154;0,01102523690782931
45,609201431274414;0,010821713178921588
46,0167932510376;0,010622349007624182
46,424107789993286;0,010459342018816516
46,832008600234985;0,01033091242263574
47,23883509635925;0,010172801230568023
47,64604616165161;0,010017404914655938
48,053675413131714;0,009804187404777696
48,46240949630737;0,009654993170052525
48,86850070953369;0,009537423752820939
49,278027296066284;0,009364017592430812
49,68603777885437;0,009278598998670342
50,09329795837402;0,009110363042994358
50,500412702560425;0,008972748044643798
50,900829792022705;0,008864285509672876
51,31538438796997;0,008757261845401532
51,72413635253906;0,008625453944149347
52,131734132766724;0,00847017301051619
52,53786826133728;0,008317952455261967
52,945361375808716;0,008218138799572484
53,35259008407593;0,008095230195205942
53,76091265678406;0,007998337719896295
54,16715097427368;0,007831797203090084
54,57545852661133;0,0077383460535395765
54,982704639434814;0,007623258717588843
55,39020752906799;0,007532521224710989
55,79742240905762;0,0074429615070225365
56,20367884635925;0,007332625763815282
56,61113357543945;0,007224103776449869
57,018311500549316;0,007117298410593253
57,425952434539795;0,007012242560306588
57,83208179473877;0,006929401150084785
58,23975896835327;0,006827328759398838
58,647143840789795;0,006726920281911818
59,05493688583374;0,00664773763898591
59,45887756347656;0,006530856924875267
59,86766219139099;0,006416205369926507
60,27488589286804;0,006322316986748044
60,67722034454346;0,006229945925677021
61,08496022224426;0,00613900932449045
61,49114108085632;0,006049537624420922
61,89689922332764;0,005961450525462637
62,304238080978394;0,005891991958145921
62,71150064468384;0,005789442082520172
63,11787009239197;0,005705472318718891
63,52509021759033;0,005639235053444622
63,93147921562195;0,005557593049869093
64,33858489990234;0,005493209571944401
64,74475240707397;0,005382482249759768
65,15640759468079;0,005320287132535356
65,56415009498596;0,0052284450973175784
65,97128963470459;0,005168168767746396
66,37754034996033;0,005079155920048255
66,78488421440125;0,004991794627346424
67,1923394203186;0,004934454717370642
67,5996482372284;0,0048497719310264965
67,99998760223389;0,004780387942321732
68,41392111778259;0,004712093654261505
68,82131290435791;0,0046582061527963275
69,22871518135071;0,004591767293896992
69,63653635978699;0,004539358826672784
70,04278683662415;0,004487593389220303
70,45424032211304;0,004436462388000298
70,864586353302;0,004385957357590125
71,27957510948181;0,004336069958510767
71,68689608573914;0,004299064701140545
72,09341931343079;0,004238115313393861
72,5013177394867;0,004178112607230886
72,91306757926941;0,00411900239953379
73,32054877281189;0,0040492641513622885
73,72680592536926;0,0039807917956857985
74,13937497138977;0,003935834512386204
74,54659748077393;0,003869416908494034
74,95396971702576;0,0038258070146432966
75,36021637916565;0,0037827237657377887
75,76755714416504;0,0037296084691696403
76,17533326148987;0,0036772747967097124
76,57544660568237;0,003625744108559757
76,99024438858032;0,0035850700296569064
77,39649558067322;0,0035349053040396854
77,8044662475586;0,003485507787109387
78,2118628025055;0,003417570137719524
78,61964821815491;0,0033604724600559107
79,02535629272461;0,0033229750887599253
79,42650651931763;0,0032584353230579646
79,83469891548157;0,003222154395003816
80,243004322052;0,0031685408507977253
80,64925384521484;0,0031158802309463603
81,05679297447205;0,003072704017988675
81,46427273750305;0,003030180888897855
81,87254619598389;0,002971685441146643
82,28009366989136;0,0029306540869338082
82,68627858161926;0,002882205904812532
83,09461760520935;0,002842479387964005
83,5027368068695;0,0028033502910696064
83,91693639755249;0,0027647831059587663
84,32317423820496;0,0027267947373485974
84,73071241378784;0,0026819354923767057
85,13771319389343;0,0026451484981774454
85,54681611061096;0,002601721053151304
85,95298767089844;0,0025590538609645734
86,36505484580994;0,002517132709411786
86,76774001121521;0,00248959285480487
87,17510604858398;0,0024556251529167057
87,58401322364807;0,002415508712747768
87,99024987220764;0,0023695826323603094
88,40005040168762;0,002350193866320613
88,81295871734619;0,0023182400163571392
89,22062373161316;0,0022867598968235115
89,62779235839844;0,002261899982255748
90,03488445281982;0,0022251491822474464
90,44223189353943;0,002195004949648152
90,84970307350159;0,00217120728104769
91,25593709945679;0,002141851528509207
91,66369533538818;0,0021129089272279022
92,07125616073608;0,0020900591320765797
92,48281002044678;0,0020507085957691077
92,89090728759766;0,002023077208073259
93,29714798927307;0,0019958518668762464
93,70405101776123;0,001969007823944969
94,11219048500061;0,0019425575882947447
94,5198700428009;0,0019216667488502134
94,92612171173096;0,0018958852216451514
95,33384585380554;0,001875529177911067
95,7411379814148;0,001845431080756917
96,14903402328491;0,0018256522220796987
96,55527067184448;0,0018060993581184431
96,9632477760315;0,0017819760595460562
97,37057209014893;0,0017629216970236564
97,77121710777283;0,0017347466571168832
98,17742967605591;0,0017162304910577156
98,58480715751648;0,0016979250774535803
98,99210524559021;0,0016708565786931434
99,39940094947815;0,0016486474719473421
99,80685138702393;0,0016311100983625124
100,21374320983887;0,001609471661113467
100,62101554870605;0,001588132046618658
101,0283613204956;0,0015629268291495258
101,43690752983093;0,001546360870862819
101,84315824508667;0,0015259201756825983
102,24343490600586;0,0015057608308341442
102,65771627426147;0,0014858925596871763
103,06556034088135;0,001470196881623511
103,47181105613708;0,0014546782014958927
103,8793454170227;0,0014355222400281738
104,28018260002136;0,0014166421229199967
104,68853211402893;0,0014017265379678246
105,09665894508362;0,0013833145158512793
105,50289726257324;0,001372396588918432
105,9103729724884;0,001354395944667395
106,31777501106262;0,001329625284256468
106,72482109069824;0,0013122236437871147
107,13108158111572;0,0012984801350794006
107,54630851745605;0,0012781528348234472
107,95397877693176;0,0012647906407004682
108,3621277809143;0,0012515778390687162
108,76739621162415;0,0012320349101523115
109,17621922492981;0,0012191879508319414
109,58766102790833;0,0012064843298244489
109,99517679214478;0,0011908065371943892
110,40274453163147;0,0011600965474148107
110,80934548377991;0,0011361396914626367
111,21652913093567;0,0011156097276938497
111,62501049041748;0,0010926357603204266
112,03267049789429;0,0010701685547101247
112,43890929222107;0,0010563810661913405
112,83910417556763;0,001040084453230823
113,25403046607971;0,0010267077866120905
113,66141772270203;0,0010030995329649614
114,06767058372498;0,0009826017687920435
114,4749481678009;0,0009502450283748425
114,88426661491394;0,000921394993389697
115,29163098335266;0,0009003786399249065
115,70092964172363;0,0008776288883104772
116,10717558860779;0,0008598751280365264
116,51504731178284;0,0008425080377369489
116,9224853515625;0,0008339667274936309
117,3292396068573;0,0008213295043498936
117,73547887802124;0,000813019627646706
118,14297294616699;0,0007966710046112553
118,55059695243835;0,0007866319760149628
118,9579267501831;0,0007747673473940568
119,36505079269409;0,0007592479245196918
119,77230334281921;0,0007478291540522053
120,18060803413391;0,0007347433215813755
120,5878894329071;0,0007237228133534735
120,99530816078186;0,0007039794073194097
121,40131497383118;0,0006899887450700958
121,80857539176941;0,0006729232070583578
122,21645379066467;0,0006563151022908781
122,62380194664001;0,0006417496880725625
123,03004956245422;0,0006290963289739706
123,43785548210144;0,0006151837109782071
123,84545135498047;0,000601608225287973
124,25284814834595;0,0005883561651212667
124,65909767150879;0,000581133734824068
125,06657934188843;0,0005754244716191374
125,4670877456665;0,0005655788894482449
125,88159155845642;0,0005559194920255897
126,28923654556274;0,0005397756186906395
126,6954836845398;0,0005358191552881006
127,10266184806824;0,0005254260030858415
127,51058077812195;0,0005102482238775291
127,91725397109985;0,0005003972167342266
128,3234989643097;0,0004943475385023484
128,7317385673523;0,0004848328995412868
129,13948917388916;0,0004766716147073165
129,54730534553528;0,0004686632249578293
129,95292472839355;0,0004596906368025188
130,36041641235352;0,0004552754703389284
130,7678644657135;0,00044766009044817977
131,17767763137817;0,0004433721534909332
131,58525347709656;0,0004391295164072921
131,99146103858948;0,0004349316756052622
132,398761510849;0,0004246298051836774
132,80615615844727;0,0004175800127250008
133,21325874328613;0,0004126223291254631
133,6195206642151;0,00040482644168931734
134,02699661254883;0,000397193535035636
134,43424081802368;0,0003887976574168007
134,84136724472046;0,0003814992556663168
135,24762392044067;0,00037258966329996475
135,65500950813293;0,0003630550102672453
136,0550673007965;0,00035462337690884353
136,4697551727295;0,00034803531773960883
136,87712359428406;0,00034318399092251705
137,28337502479553;0,0003391996184221358
137,6908872127533;0,0003352656001128901
138,09789657592773;0,0003321556794201989
138,50461411476135;0,0003290780390747378
138,91090893745422;0,00032376941987901335
139,31844186782837;0,00032003527638913216
139,7274341583252;0,0003163506573962125
140,13522148132324;0,0003119911320912025
140,54150795936584;0,0003062831194534098
140,94880175590515;0,0002986249519570105
141,35720109939575;0,00029185034228433783
141,76495385169983;0,00028655539806488885
142,1724967956543;0,0002820117657736504
142,5787091255188;0,0002788152630480128
142,98626232147217;0,0002744100746865682
143,39369916915894;0,0002682523196163661
143,8015730381012;0,00026403462163868244
144,20782256126404;0,00025814001955263405
144,61505818367004;0,0002535319366811066
145,0227472782135;0,0002501372834637829
145,43055152893066;0,00024679431753047885
145,8368055820465;0,00024404784578569786
146,24422335624695;0,0002418754021547255
146,65395545959473;0,0002375964318757044
147,06150436401367;0,0002344439477830281
147,46776056289673;0,0002303147997986159
147,87535953521729;0,00022576832076565896
148,28249764442444;0,00022230397987097546
148,68277406692505;0,00021841877633979896
149,0835680961609;0,00021508275174083685
149,4898180961609;0,00021180598788186927
149,89962816238403;0,00020858584520647806
150,30803871154785;0,0002049750050140362
150,71546840667725;0,0002018749716875506
151,12182903289795;0,00019926056112805034
151,52917003631592;0,00019625942643562412
151,93657064437866;0,00019414837375812514
152,3457179069519;0,0001924781923006234
152,75196838378906;0,00019041350859337033
153,15914106369019;0,00018837514149667067
153,56567764282227;0,0001863614231456935
153,9730260372162;0,00018397828470300456
154,38041639328003;0,0001816305254702964
154,7866656780243;0,00017970098623776905
155,19291925430298;0,00017591252169579235
155,6006772518158;0,00017258210173880275
156,00787472724915;0,00016861180661748677
156,4141218662262;0,00016509470856367205
156,82182812690735;0,0001623428569297361
157,22949075698853;0,00016031427007486286
157,63666820526123;0,00015732671500526979
158,04290890693665;0,00015537156057582438
158,45081496238708;0,0001528090336534264
158,85806369781494;0,00015091981213047537
159,25843811035156;0,0001481376706814662
159,67292833328247;0,00014541549019283606
160,07918000221252;0,00014392912189366513
160,4866237640381;0,0001421689022470845
160,8939950466156;0,00014100959890572966
161,3017497062683;0,0001395759862006185
161,70826148986816;0,00013816008929074902
162,11578965187073;0,00013620589332551962
162,5234808921814;0,00013401289822942511
162,93076276779175;0,00013186184060109092
163,3370201587677;0,0001297518431148336
163,74347734451294;0,00012793879943874323
164,15129923820496;0,00012590348711767456
164,5609848499298;0,00012390681793376202
164,9682228565216;0,00012219061323893204
165,3745346069336;0,00011978836851310841
165,78065872192383;0,00011790735122937701
166,18801879882812;0,00011629072426085756
166,59587955474854;0,00011470038578193943
167,00211930274963;0,00011269440960027453
167,40945482254028;0,00011138049682533668
167,81588339805603;0,0001096572984149547
168,22299766540527;0,00010796626136817587
168,62923097610474;0,0001069252458842133
169,0366313457489;0,00010528506342966909
169,44402623176575;0,00010327757819316675
169,84415555000305;0,00010190013308789508
170,25758695602417;0,0001007371072393627
170,66493725776672;9,921145748031387e-05
171,07239389419556;9,67917994197462e-05
171,48072862625122;9,606187318741739e-05
171,88217759132385;9,515903687359049e-05
172,29418444633484;9,373579243289011e-05
172,70159435272217;9,199322617807436e-05
173,1094274520874;9,029023919050584e-05
173,51694297790527;8,928702503674294e-05
173,9231812953949;8,846135016634333e-05
174,32967805862427;8,732140556401293e-05
174,73709201812744;8,619927740742757e-05
175,14425706863403;8,447190856566897e-05
175,5505063533783;8,309011248853776e-05
175,9590392112732;8,173636386516566e-05
176,36713218688965;8,084894494051851e-05
176,77598071098328;8,011843124925177e-05
177,1833577156067;7,939628135307466e-05
177,589613199234;7,868199318861683e-05
177,99694848060608;7,727738730449818e-05
178,4062044620514;7,60398898592957e-05
178,81331062316895;7,482677511670799e-05
179,2195611000061;7,403146823765428e-05
179,62889409065247;7,311697150120047e-05
180,03630566596985;7,247223029259303e-05
180,44528603553772;7,158167567271213e-05
180,85153794288635;7,070458864002663e-05
181,25959253311157;7,008645615550079e-05
181,6666133403778;6,959674793972509e-05
182,0765347480774;6,911131632339992e-05
182,4768123626709;6,851039681837076e-05
182,8900101184845;6,744536965554011e-05
183,2978377342224;6,640088223297147e-05
183,70541286468506;6,560264693766392e-05
184,11436986923218;6,492796074167008e-05
184,52062106132507;6,43723052081831e-05
184,93005418777466;6,349575720557531e-05
185,33742213249207;6,274114418355815e-05
185,7450156211853;6,210325088496865e-05
186,1512680053711;6,136927758249902e-05
186,55824041366577;6,074890725096555e-05
186,96801161766052;6,003517969068863e-05
187,37620186805725;5,9331890029283745e-05
187,78351974487305;5,863910904613139e-05
188,18977451324463;5,805337262623649e-05
188,5970549583435;5,737928373518038e-05
189,00670957565308;5,6527231672616905e-05
189,41294956207275;5,59680568539541e-05
189,81920075416565;5,5233358197038956e-05
190,22687649726868;5,4600457338872846e-05
190,6346938610077;5,388843789110518e-05
191,04179096221924;5,3362152324124676e-05
191,44803547859192;5,2842384460806175e-05
191,85624432563782;5,2329039496048684e-05
192,2638168334961;5,182202412026978e-05
192,6711025238037;5,1487484895707195e-05
193,07130026817322;5,10732171560927e-05
193,48421263694763;5,033804434426408e-05
193,8918981552124;4,9935512607793996e-05
194,29915046691895;4,953698373749767e-05
194,70654034614563;4,898594235136433e-05
195,11281085014343;4,8597046557448566e-05
195,5200126171112;4,813561128669128e-05
195,92743706703186;4,752903038638047e-05
196,3352382183075;4,715491299549529e-05
196,74140191078186;4,649081708389433e-05
197,14914441108704;4,591055244097698e-05
197,55602073669434;4,548142105829444e-05
197,96372771263123;4,498727029909483e-05
198,3712637424469;4,4569135413942984e-05
198,777512550354;4,415596221760495e-05
199,18589162826538;4,368006697867587e-05
199,5928976535797;4,321079350416607e-05
200,00055694580078;4,255149476100137e-05
200,4068055152893;4,2097605901236546e-05
200,81460118293762;4,171351585539987e-05
201,22197270393372;4,133390655991384e-05
201,6347382068634;4,108329189127836e-05
202,03473830223083;4,0465225077308855e-05
202,43572759628296;3,9919157262183305e-05
202,83655071258545;3,950090304306941e-05
203,24938011169434;3,902979151152346e-05
203,6496226787567;3,850840187524151e-05
204,0625183582306;3,799585795196638e-05
204,46958017349243;3,765903743236393e-05
204,87699103355408;3,7326038935553134e-05
205,28479647636414;3,7106137205127204e-05
205,69104266166687;3,661743049577748e-05
206,09890747070312;3,6242976311073134e-05
206,50622487068176;3,582105353588919e-05
206,91361618041992;3,5405412914866176e-05
207,31985902786255;3,4995940209565313e-05
207,72749590873718;3,459252350584868e-05
208,13672471046448;3,4293869190827005e-05
208,54432821273804;3,3852083102921314e-05
208,95185613632202;3,351346665504971e-05
209,35823798179626;3,317922603084909e-05
209,7665500640869;3,2755690973340604e-05
210,17518758773804;3,2431093842347374e-05
210,58269500732422;3,220172311328046e-05
210,98894476890564;3,1929239484483065e-05
211,3962562084198;3,165970253842994e-05
211,80559825897217;3,13048356945219e-05
212,21398186683655;3,091169385971824e-05
212,62022995948792;3,0439683984150213e-05
213,02885103225708;2,9976892130910344e-05
213,43635964393616;2,968703680638502e-05
213,8437054157257;2,9400789505694937e-05
214,2443733215332;2,9077933303988563e-05
214,65829300880432;2,879912299874685e-05
215,0659167766571;2,8445684694145785e-05
215,47461795806885;2,809772980687655e-05
215,88305568695068;2,786878228793327e-05
216,28918504714966;2,745520061435617e-05
216,69808077812195;2,7196053220335794e-05
217,10543704032898;2,6831240461719002e-05
217,51284956932068;2,6472630696688313e-05
217,9191038608551;2,601550828920357e-05
218,32534980773926;2,5739170539745803e-05
218,732323884964;2,5534358274708962e-05
219,13978672027588;2,526447949525905e-05
219,5460410118103;2,5031282526140996e-05
219,9545955657959;2,4702870208039303e-05
220,3620743751526;2,454072116472825e-05
220,76846885681152;2,428405324257741e-05
221,17581367492676;2,396797036341621e-05
221,5820550918579;2,3718837185059442e-05
221,98981142044067;2,3534128792767455e-05
222,39732456207275;2,3351230603729513e-05
222,80409502983093;2,3200171254576558e-05
223,21033716201782;2,3050362094080344e-05
223,61773014068604;2,284264381284972e-05
224,02512335777283;2,2695731657512813e-05
224,43283820152283;2,254998514012823e-05
224,8333694934845;2,2405432924720812e-05
225,2452518939972;2,2204985362048103e-05
225,65323853492737;2,2034969863953545e-05
226,06032872200012;2,1838685783515007e-05
226,4674937725067;2,1617025285658092e-05
226,8736777305603;2,1452626031737203e-05
227,28105115890503;2,1262789695673566e-05
227,68987679481506;2,110174913475906e-05
228,0970594882965;2,088939053112917e-05
228,50330686569214;2,073186953870088e-05
228,91286420822144;2,04469159503522e-05
229,32002449035645;2,021737729539172e-05
229,72946000099182;2,0066135955851043e-05
230,13587260246277;1,9891468099447184e-05
230,54305911064148;1,9523466190401013e-05
230,950355052948;1,9258962650502427e-05
231,35743165016174;1,9092937648602604e-05
231,76448583602905;1,8905363289078317e-05
232,1708357334137;1,8720058999770263e-05
232,57788944244385;1,8605387619171754e-05
232,98513770103455;1,8468914401738976e-05
233,39188528060913;1,8221893131774057e-05
233,79816007614136;1,802281220917641e-05
234,20560717582703;1,782638315761599e-05
234,61273980140686;1,7611204896040182e-05
235,02070260047913;1,742026384457655e-05
235,42567586898804;1,7273492252091945e-05
235,832852602005;1,7107604824739328e-05
236,24042534828186;1,6902969834758877e-05
236,64733600616455;1,6801776464391034e-05
237,05460476875305;1,6601582024826703e-05
237,45487785339355;1,6463164802864994e-05
237,86819648742676;1,628726396448981e-05
238,27549409866333;1,615201741527323e-05
238,68277859687805;1,6018138282847726e-05
239,08912825584412;1,579173182295877e-05
239,49618887901306;1,5642940072261067e-05
239,9051377773285;1,5532455096337862e-05
240,31265544891357;1,5404737637565968e-05
240,71890306472778;1,5278290630782724e-05
241,12612915039062;1,5117534756495197e-05
241,53273797035217;1,5011494762679864e-05
241,94052457809448;1,4906345667064663e-05
242,34855246543884;1,4767516216917105e-05
242,75528860092163;1,4664408942432249e-05
243,162011384964;1,4494469048621694e-05
243,56928062438965;1,436020790207766e-05
243,97578930854797;1,4178014638664677e-05
244,38201928138733;1,3998558581658257e-05
244,78935360908508;1,3853741615247223e-05
245,1965892314911;1,3742327943870205e-05
245,60397601127625;1,3600645037580719e-05
246,00932049751282;1,3507147583592141e-05
246,41639614105225;1,3353000730788774e-05
246,82412815093994;1,3231176514704397e-05
247,23178005218506;1,3125650720020935e-05
247,6379427909851;1,3006263914849124e-05
248,0389850139618;1,2873479241095235e-05
248,45208835601807;1,2742277588971509e-05
248,85935473442078;1,2612646030378397e-05
249,26696586608887;1,2456291913696189e-05
249,67318606376648;1,2330053314005316e-05
250,08035016059875;1,2246721777658392e-05
250,48660731315613;1,2164045946212571e-05
250,89477491378784;1,2068408463251707e-05
251,30102515220642;1,2000635439624115e-05
251,70826530456543;1,1946733480671843e-05
252,11591291427612;1,1853077772984159e-05
252,52328872680664;1,1786706174317219e-05
252,92954444885254;1,1694502887065537e-05
253,33679056167603;1,1616137680996787e-05
253,74437308311462;1,1525480306707437e-05
254,1516671180725;1,1410114535093397e-05
254,55934977531433;1,1296083293506032e-05
254,9655158519745;1,11709165077433e-05
255,37281370162964;1,1059627064997753e-05
255,78022241592407;1,0925336129930702e-05
256,1875355243683;1,0864911104195364e-05
256,59348702430725;1,0804872401705059e-05
257,0008935928345;1,0709595809632446e-05
257,4088821411133;1,0580153039567627e-05
257,8171503543854;1,0487135781635743e-05
258,2233638763428;1,0406511684442377e-05
258,62346291542053;1,0349352418244312e-05
259,0372664928436;1,0213625554512931e-05
259,4444921016693;1,011315863846189e-05
259,8524475097656;1,000283950204405e-05
260,2585971355438;9,948190198467968e-06
260,66682744026184;9,872251482463182e-06
261,07397079467773;9,80768132115155e-06
261,48147678375244;9,711717124959835e-06
261,8877274990082;9,637812973435105e-06
262,29533529281616;9,543719750232694e-06
262,7027633190155;9,440383764743173e-06
263,10927176475525;9,368798178596879e-06
263,51552176475525;9,328165180276429e-06
263,92258524894714;9,20744730610077e-06
264,3302810192108;9,137836216318431e-06
264,7377519607544;9,098323707104765e-06
265,14541959762573;9,039412684120105e-06
265,5516722202301;8,990646827949594e-06
265,95869183540344;8,942172266224628e-06
266,3665494918823;8,903603479069728e-06
266,7739853858948;8,817501123022394e-06
267,1797842979431;8,741742821782673e-06
267,5867738723755;8,694760755524015e-06
267,99400758743286;8,620173873150589e-06
268,40125370025635;8,564700047769705e-06
268,807501077652;8,50962209290537e-06
269,21495628356934;8,464024715839227e-06
269,62216448783875;8,400640149754556e-06
270,0293972492218;8,346729433685958e-06
270,4365141391754;8,30209703659061e-06
270,8427677154541;8,24888489540311e-06
271,24280762672424;8,204828229383893e-06
271,6572232246399;8,161032944890656e-06
272,0669775009155;8,126181634038832e-06
272,47322702407837;8,082847142239622e-06
272,88034439086914;8,022608026044795e-06
273,2877357006073;7,971366959261397e-06
273,69615292549133;7,91203933738451e-06
274,1024057865143;7,861573887329368e-06
274,50864696502686;7,803144550377894e-06
274,9158844947815;7,745189694284746e-06
275,32367753982544;7,70408362394702e-06
275,7313196659088;7,663214869411398e-06
276,1377055644989;7,606398588407148e-06
276,54520893096924;7,566096407181042e-06
276,9524157047272;7,486191822117238e-06
277,36007499694824;7,43080770862604e-06
277,76608538627625;7,36805745071899e-06
278,173467874527;7,336899105468352e-06
278,58095717430115;7,267315536602744e-06
278,98803877830505;7,228969606926917e-06
279,3942849636078;7,183243872103049e-06
279,8023545742035;7,1302933944033805e-06
280,20962405204773;7,055384476213036e-06
280,61727499961853;6,996071868753954e-06
281,0235176086426;6,95927662000154e-06
281,4310402870178;6,900838405088793e-06
281,8390064239502;6,85735823601775e-06
282,2461974620819;6,792691789876144e-06
282,6539316177368;6,728684639164313e-06
283,0601923465729;6,672335112650792e-06
283,46742153167725;6,630406921796085e-06
283,8679838180542;6,568045424433795e-06
284,28330087661743;6,513143298928372e-06
284,68956184387207;6,438457689199408e-06
285,09747409820557;6,378034702242751e-06
285,5048141479492;6,324836570085097e-06
285,91231656074524;6,278678905414795e-06
286,3191819190979;6,245929441614297e-06
286,7264356613159;6,193910922952916e-06
287,1337547302246;6,129538807761773e-06
287,542245388031;6,0722156632966375e-06
287,94957733154297;6,034318278350261e-06
288,35521936416626;5,996673278444791e-06
288,7639362812042;5,940674389838162e-06
289,17181611061096;5,897505867441255e-06
289,58149218559265;5,8729880702315674e-06
289,987726688385;5,812167108449372e-06
290,3960404396057;5,758000673115775e-06
290,80369544029236;5,698444854635211e-06
291,2115156650543;5,651271309215961e-06
291,61776208877563;5,610334727121911e-06
292,0261583328247;5,5754962471345705e-06
292,43435740470886;5,535140633279839e-06
292,84158301353455;5,495094962765104e-06
293,25035858154297;5,449703390906513e-06
293,6566209793091;5,3991113121988444e-06
294,06397104263306;5,3656594999331845e-06
294,4720847606659;5,315892039726678e-06
294,8814766407013;5,2666111182639384e-06
295,28773069381714;5,217812514826009e-06
295,695086479187;5,174835869700085e-06
296,10295820236206;5,121638852913798e-06
296,50318932533264;5,089997275797466e-06
296,9167423248291;5,06378617737657e-06
297,32536578178406;5,0014575882401035e-06
297,73232078552246;4,960353514279092e-06
298,13965606689453;4,9094717003187305e-06
298,54732275009155;4,854133960598959e-06
298,9529058933258;4,819259541878697e-06
299,3603277206421;4,784648054127305e-06
299,76772952079773;4,760084670781241e-06
300,1755702495575;4,721057849479801e-06
300,58181738853455;4,687184265626417e-06
300,9888734817505;4,648782408906063e-06
301,3964464664459;4,615450385973168e-06
301,80391001701355;4,596515842099901e-06
302,21016478538513;4,5729618920768305e-06
302,6175138950348;4,544863175348176e-06
303,0244143009186;4,516944620032089e-06
303,4317502975464;4,470810594070297e-06
303,83914494514465;4,438809127159024e-06
304,24539256095886;4,411569472242852e-06
304,65314650535583;4,380010000904485e-06
305,0611889362335;4,34422950188315e-06
305,46828985214233;4,322021129313825e-06
305,8745403289795;4,273577969243404e-06
306,2829358577728;4,234362398224921e-06
306,6902480125427;4,199818178545289e-06
307,09741282463074;4,1613056981451615e-06
307,50378584861755;4,127380017125675e-06
307,9110896587372;4,106322170709374e-06
308,31888222694397;4,064540375752898e-06
308,7260227203369;4,035555680454127e-06
309,12634348869324;3,986364602062254e-06
309,5394010543823;3,962002333264055e-06
309,94687938690186;3,929758818640899e-06
310,35407400131226;3,905754444901564e-06
310,7613353729248;3,885866548603863e-06
311,1675841808319;3,858199555496373e-06
311,57531476020813;3,830735888701695e-06
311,9826958179474;3,7918521808333345e-06
312,3898415565491;3,7725635351961983e-06
312,79609060287476;3,7533759468219533e-06
313,20343708992004;3,7228852406157457e-06
313,61040329933167;3,692650032002202e-06
314,0182535648346;3,6626680129777324e-06
314,42586040496826;3,636639749752105e-06
314,8321154117584;3,6108018603966234e-06
315,2393021583557;3,5888057391406473e-06
315,6461319923401;3,556070078775263e-06
316,05396580696106;3,5308214649857076e-06
316,46021604537964;3,5057574990978175e-06
316,8676393032074;3,480876351716604e-06
317,27507758140564;3,4632155156488694e-06
317,6822233200073;3,42816951123077e-06
318,08846402168274;3,4073170779289923e-06
318,4962215423584;3,37971637646699e-06
318,9034104347229;3,342139790274486e-06
319,31068682670593;3,3083515573094456e-06
319,7107603549957;3,274913766837735e-06
320,12602615356445;3,2517138284600138e-06
320,53318977355957;3,2221325751232976e-06
320,9404525756836;3,2090740726773675e-06
321,34959840774536;3,192827258448935e-06
321,7559676170349;3,1637948468429564e-06
322,1621165275574;3,1445903152586145e-06
322,569575548172;3,1191698111428864e-06
322,9771466255188;3,1033889930220085e-06
323,38339948654175;3,0845597477645165e-06
323,7910587787628;3,0565347425735636e-06
324,1975350379944;3,0379962840945298e-06
324,6046211719513;3,0165134134620845e-06
325,01087403297424;2,9951857188767467e-06
325,41870617866516;2,9770276001742417e-06
325,82626485824585;2,958981967971686e-06
326,23310232162476;2,932122882684752e-06
326,64034509658813;2,9173088177277077e-06
327,0465986728668;2,893765202059006e-06
327,4541471004486;2,879149097284829e-06
327,8617923259735;2,8559197996036427e-06
328,26962518692017;2,830015279750755e-06
328,67587208747864;2,8128789279015015e-06
329,0831470489502;2,79584840138834e-06
329,4904730319977;2,7761123394274505e-06
329,89799523353577;2,756518199111707e-06
330,2981503009796;2,7426088274007865e-06
330,71256375312805;2,7287708824867836e-06
331,1200969219208;2,715004172731952e-06
331,5274064540863;2,6958494477342827e-06
331,9347653388977;2,6795407381914215e-06
332,34101247787476;2,6525824943977663e-06
332,74837040901184;2,63121482093745e-06
333,1557397842407;2,6047513925432847e-06
333,5631003379822;2,5863883226261036e-06
333,96935772895813;2,5707533619439603e-06
334,37896370887756;2,5526339862708402e-06
334,7870798110962;2,539771207825709e-06
335,19466638565063;2,524422784444747e-06
335,600919008255;2,514242922537863e-06
336,0095281600952;2,4914904882654648e-06
336,41729974746704;2,47643858152854e-06
336,82323479652405;2,458994789247189e-06
337,23023676872253;2,446611348112955e-06
337,6364789009094;2,426929512676701e-06
338,04406332969666;2,400129263411336e-06
338,4515917301178;2,3856377772328796e-06
338,8578054904938;2,3640668624586194e-06
339,26405143737793;2,3474264749327496e-06
339,6713242530823;2,3309048660630625e-06
340,0785310268402;2,3145012810713523e-06
340,48678636550903;2,291270438996693e-06
340,8868124485016;2,2659894650166325e-06
341,2999234199524;2,2568666746402146e-06
341,7073652744293;2,2409913136376633e-06
342,11452651023865;2,2185083114100065e-06
342,52188539505005;2,2073526402855797e-06
342,9280216693878;2,1940408644307362e-06
343,3350865840912;2,1742255519206913e-06
343,74277091026306;2,1502527519300106e-06
344,1500675678253;2,1308378960559468e-06
344,5563225746155;2,113729261995341e-06
344,9636025428772;2,100989097922227e-06
345,3702223300934;2,086223744829364e-06
345,7801661491394;2,0632329697265472e-06
346,18642592430115;2,0466735558521564e-06
346,59472918510437;2,024123628170023e-06
347,0024571418762;2,0058607445280577e-06
347,4092769622803;1,9877644372367736e-06
347,8095455169678;1,9718174603204268e-06
348,22412848472595;1,955999806610503e-06
348,6307907104492;1,946178984286903e-06
349,0381557941437;1,9364079574841494e-06
349,44540667533875;1,9228117912881544e-06
349,8516547679901;1,8997280638708359e-06
350,25925874710083;1,8769242689272818e-06
350,66674065589905;1,8562637087563718e-06
351,07449221611023;1,8413822467793589e-06
351,4801299571991;1,8247845476729222e-06
351,8877503871918;1,8083378429239357e-06
352,29553961753845;1,7920407867045327e-06
352,70296144485474;1,7741067102374651e-06
353,11011695861816;1,7545883070655048e-06
353,5140278339386;1,742280479243245e-06
353,92366671562195;1,7283209814432422e-06
354,33137369155884;1,7144742967696624e-06
354,7385184764862;1,7007394929058536e-06
355,14476919174194;1,6905112550120048e-06
355,55212140083313;1,6736018367213214e-06
355,9592878818512;1,6585291912118914e-06
356,3666422367096;1,646900713554313e-06
356,7728934288025;1,6337116051469922e-06
357,1800937652588;1,6206289495163755e-06
357,58774423599243;1,6092682497044238e-06
357,99455165863037;1,5963828351033026e-06
358,4008071422577;1,582010966598225e-06
358,8084440231323;1,5709230050859855e-06
359,2146952152252;1,5536570403041209e-06
359,6221556663513;1,542769242302665e-06
360,03006196022034;1,5350393398077715e-06
360,43631529808044;1,5258149125924696e-06
360,8439157009125;1,516646303744942e-06
361,25110626220703;1,5075331701626994e-06
361,65846490859985;1,4984751697729893e-06
362,0643150806427;1,4924669646323824e-06
362,4717695713043;1,482010894152625e-06
362,8789963722229;1,4731072669870437e-06
363,2863826751709;1,462787738958361e-06
363,6926305294037;1,4510830461474497e-06
364,0997428894043;1,438027884658943e-06
364,5069854259491;1,4293901796853275e-06
364,91461277008057;1,4165314184825243e-06
365,3216474056244;1,4094380086460344e-06
365,72789669036865;1,398162823438658e-06
366,1283075809479;1,3897660231156927e-06
366,5425155162811;1,3758839294868704e-06
366,9503195285797;1,360774669008334e-06
367,35657143592834;1,348536735467703e-06
367,76396775245667;1,3390949258502726e-06
368,1714210510254;1,3283856489299603e-06
368,57908630371094;1,3164406063349815e-06
368,9853358268738;1,3059134865024568e-06
369,3930494785309;1,2928735164752327e-06
369,80074977874756;1,2812494968229674e-06
370,20943236351013;1,2710052474289712e-06
370,61760091781616;1,2621090773727482e-06
371,0238564014435;1,249508718170663e-06
371,4311020374298;1,2370347742386375e-06
371,8381154537201;1,225915253149984e-06
372,2456564903259;1,2161155681497425e-06
372,6518461704254;1,206394587992538e-06
373,0592143535614;1,195551760718374e-06
373,4666347503662;1,1848068409900944e-06
373,8739836215973;1,1753372585612845e-06
374,28022861480713;1,167113751856529e-06
374,6885688304901;1,1577862024964664e-06
375,0963931083679;1,148533520843543e-06
375,5039851665497;1,140498365768544e-06
375,9112751483917;1,1313844257438743e-06
376,31753635406494;1,124596997266575e-06
376,7185115814209;1,117850455607621e-06
377,1323790550232;1,1100308302825842e-06
377,5395996570587;1,1033720244973172e-06
377,9458520412445;1,0945559575134496e-06
378,3530282974243;1,0890818671663146e-06
378,7602503299713;1,0803804242416191e-06
379,16760635375977;1,0728239257167718e-06
379,57394552230835;1,0674589356526522e-06
379,98238134384155;1,0631863372555542e-06
380,3908312320709;1,058930904198801e-06
380,7980465888977;1,0536356420291437e-06
381,20530700683594;1,0410351976960895e-06
381,61169147491455;1,0358297547024063e-06
382,0194697380066;1,0316842114830519e-06
382,42685055732727;1,0275553179963798e-06
382,83403301239014;1,0224175090661362e-06
383,24048805236816;1,0162861589748632e-06
383,64778900146484;1,0101917047225994e-06
384,0548405647278;1,005141018814143e-06
384,4626770019531;9,99113626059693e-07
384,8689260482788;9,911334759410986e-07
385,2765862941742;9,86178386169538e-07
385,68553352355957;9,792829937272645e-07
386,09342336654663;9,7341116505854e-07
386,50085949897766;9,666053216259477e-07
386,9072427749634;9,579250513787403e-07
387,31585931777954;9,502749181145851e-07
387,7232232093811;9,43631336154662e-07
388,1323764324188;9,351580025468639e-07
388,5386281013489;9,304836101602519e-07
388,94578742980957;9,258326568159596e-07
389,34597730636597;9,202822760756918e-07
389,7591607570648;9,156824568304369e-07
390,16540908813477;9,10193101902819e-07
390,57264256477356;9,056438596902129e-07
390,9800353050232;9,011174145638346e-07
391,38737392425537;8,957156194739485e-07
391,79364824295044;8,89454553044273e-07
392,20088624954224;8,814690456557575e-07
392,6083619594574;8,761853523690577e-07
393,0160686969757;8,691897924670126e-07
393,42338466644287;8,631146321793698e-07
393,8304054737091;8,57082040184679e-07
394,2380692958832;8,485373084004251e-07
394,6454164981842;8,417630530157064e-07
395,05257058143616;8,350430133852053e-07
395,4588096141815;8,283767527047987e-07
395,86614894866943;8,250636541600295e-07
396,27357482910156;8,19297662220303e-07
396,6816337108612;8,127573971808087e-07
397,0878686904907;8,086963306684147e-07
397,49525451660156;8,022408894522509e-07
397,9028196334839;7,958370960949611e-07
398,3105003833771;7,902758190595803e-07
398,7177221775055;7,847534871839937e-07
399,12397360801697;7,8161525126209e-07
399,53140449523926;7,761535730132276e-07
399,9388997554779;7,71502584719099e-07
400,3461627960205;7,676481020015986e-07
400,7524139881134;7,622842286357804e-07
401,16142535209656;7,569579101969938e-07
401,5687081813812;7,524221878941831e-07
401,96876859664917;7,479136994960017e-07
402,38177514076233;7,441773116975259e-07
402,78909492492676;7,404596246479598e-07
403,19638085365295;7,360229579563258e-07
403,60388469696045;7,301488079677057e-07
404,0112328529358;7,235965171888817e-07
404,41766023635864;7,185410449831978e-07
404,82501220703125;7,142359587735404e-07
405,2324936389923;7,099567141383586e-07
405,63967275619507;7,02881642724924e-07
406,04593205451965;6,965744915446833e-07
406,4539279937744;6,917081512480342e-07
406,86143231391907;6,86875869800761e-07
407,2689480781555;6,820774030830318e-07
407,67520546913147;6,759572562399849e-07
408,0825264453888;6,725809737061857e-07
408,4899203777313;6,685517259807425e-07
408,897260427475;6,645466564384627e-07
409,3045115470886;6,612274634710286e-07
409,7108962535858;6,572663425488353e-07
410,1180703639984;6,513691795639713e-07
410,5249447822571;6,468191617302219e-07
410,932169675827;6,429444905033617e-07
411,33841609954834;6,384534109656136e-07
411,74551010131836;6,333592092917106e-07
412,1541528701782;6,276768748587549e-07
412,5543088912964;6,226687862627769e-07
412,9665198326111;6,195590716417752e-07
413,3737807273865;6,146158471899441e-07
413,7822787761688;6,109343658490634e-07
414,19004940986633;6,078833398735151e-07
414,59711170196533;6,048475708164494e-07
415,00340461730957;6,024298907418818e-07
415,4112331867218;5,982222138045603e-07
415,818594455719;5,928555549091824e-07
416,22568368911743;5,887148397198807e-07
416,6320204734802;5,857749265526589e-07
417,03917932510376;5,822664300419461e-07
417,44650769233704;5,787789749704425e-07
417,853640794754;5,741615472406811e-07
418,2598955631256;5,701515652816602e-07
418,6671288013458;5,667367630786077e-07
419,0747971534729;5,627786995733018e-07
419,4825630187988;5,599684684505641e-07
419,89003825187683;5,560577317036836e-07
420,2962877750397;5,527274435990433e-07
420,7036409378052;5,488673382489085e-07
421,11130452156067;5,455801649212638e-07
421,51881432533264;5,428559143483837e-07
421,9250650405884;5,401452835123033e-07
422,33244800567627;5,363731487198832e-07
422,74003505706787;5,320944201998363e-07
423,1400673389435;5,278498615162059e-07
423,55325746536255;5,252142431352102e-07
423,9606342315674;5,225917979615658e-07
424,3683533668518;5,189423830225376e-07
424,77711176872253;5,153184791225291e-07
425,1833438873291;5,117199093365258e-07
425,5912039279938;5,081464941519767e-07
425,99874997138977;5,045980590930477e-07
426,4073657989502;5,005730666048646e-07
426,81469559669495;4,975754267914559e-07
427,22094917297363;4,93606506438362e-07
427,63093090057373;4,906506260734086e-07
428,0388011932373;4,877124635176816e-07
428,44616198539734;4,838222908311089e-07
428,8524122238159;4,799631764286947e-07
429,2597734928131;4,77089073344682e-07
429,6688652038574;4,747071506239296e-07
430,0776162147522;4,7139244294965867e-07
430,4838693141937;4,690389869047762e-07
430,89115285873413;4,6669729192011615e-07
431,2999198436737;4,6251168771347645e-07
431,70628213882446;4,5974217901232817e-07
432,1156578063965;4,5698926840946315e-07
432,5219056606293;4,5379838479184617e-07
432,9293713569641;4,5153284300446064e-07
433,3385314941406;4,488291304683141e-07
433,74450635910034;4,452493679958385e-07
434,1513247489929;4,416981802154351e-07
434,5605571269989;4,3949309698262374e-07
434,9676830768585;4,364244761721032e-07
435,37796688079834;4,316456235128453e-07
435,7818262577057;4,269191389285014e-07
436,1904773712158;4,2393837916643437e-07
436,5979378223419;4,2140002441302034e-07
437,0051386356354;4,188768793893655e-07
437,4124279022217;4,1678581091344675e-07
437,8186836242676;4,1429031375269747e-07
438,22626972198486;4,118097689418617e-07
438,63380312919617;4,0852548016889253e-07
439,04136395454407;4,056732364083454e-07
439,44761514663696;4,028409199427935e-07
439,85484170913696;4,000283916323782e-07
440,2621250152588;3,9683812602609664e-07
440,67033290863037;3,94067535172511e-07
441,0765836238861;3,909248392080523e-07
441,48392128944397;3,8897340270498735e-07
441,89116168022156;3,843296319306335e-07
442,29881525039673;3,816464265870776e-07
442,70597290992737;3,7860285094839836e-07
443,11221575737;3,7445755109343e-07
443,5200135707855;3,722156516338376e-07
443,92758440971375;3,685089579646258e-07
444,33427262306213;3,6483919882654473e-07
444,7405228614807;3,626549183208451e-07
445,1478736400604;3,5940300648320736e-07
445,55522561073303;3,5760901293519844e-07
445,9629819393158;3,5475724074247486e-07
446,3634901046753;3,52280611607824e-07
446,77640080451965;3,4982128184117104e-07
447,1838610172272;3,4703164662650315e-07
447,591920375824;3,446089797805126e-07
447,99901247024536;3,4220323489937303e-07
448,405264377594;3,3913480828095375e-07
448,81525564193726;3,367672984242455e-07
449,22265243530273;3,3508635040643194e-07
449,6313171386719;3,3341379718751544e-07
450,0380153656006;3,3174959614119833e-07
450,4458649158478;3,297635216780536e-07
450,8529257774353;3,271339142373723e-07
451,25958466529846;3,245252859024902e-07
451,6658425331116;3,225824811698624e-07
452,0733332633972;3,2033057825273583e-07
452,48064255714417;3,1809440263592776e-07
452,8879759311676;3,158738448881239e-07
453,29526686668396;3,13668794995164e-07
453,701655626297;3,1085634411117974e-07
454,10883593559265;3,0899540663478966e-07
454,5161259174347;3,0561258589328407e-07
454,9221339225769;3,03479198120285e-07
455,32838582992554;3,019644773637992e-07
455,7365183830261;3,001567927492303e-07
456,14385199546814;2,983599342904707e-07
456,55099153518677;2,962771955579382e-07
456,95107769966125;2,939147264091596e-07
457,36452555656433;2,924477626154054e-07
457,7718677520752;2,8953577257479783e-07
458,17909479141235;2,8722707918479453e-07
458,5866205692291;2,8465180464483187e-07
458,98809456825256;2,82947800232565e-07
459,4000241756439;2,8153559409085797e-07
459,8073797225952;2,7957034349447585e-07
460,21574354171753;2,7789676911834977e-07
460,62198996543884;2,765097818338191e-07
461,0297646522522;2,745796260609472e-07
461,43676137924194;2,732092004465051e-07
461,84658646583557;2,7184561726835594e-07
462,2528438568115;2,7021830068394943e-07
462,66022181510925;2,6833207695466027e-07
463,066468000412;2,6645902410250594e-07
463,4737272262573;2,648639635063009e-07
463,88131284713745;2,6327845420434137e-07
464,28755736351013;2,6196445144407115e-07
464,69507336616516;2,5987567837868325e-07
465,1021537780762;2,5883754776839076e-07
465,5096709728241;2,572881248059103e-07
465,9159166812897;2,560040287061761e-07
466,32356333732605;2,5421705688494685e-07
466,7309432029724;2,532015379251223e-07
467,13821244239807;2,514341341303224e-07
467,544709444046;2,4967907101773964e-07
467,95189809799194;2,4768828464672176e-07
468,3593637943268;2,4595937594225747e-07
468,7675485610962;2,447318366974513e-07
469,17380142211914;2,43754219224344e-07
469,5813899040222;2,4278050792685494e-07
469,9890353679657;2,4036321793246436e-07
470,3963289260864;2,391636158332508e-07
470,8041994571686;2,3749422735842374e-07
471,2104561328888;2,3583649446564097e-07
471,6176555156708;2,339561101804272e-07
472,02514266967773;2,3232308012976064e-07
472,43260049819946;2,313950443878381e-07
472,8388681411743;2,304707166052488e-07
473,246395111084;2,2840446025200343e-07
473,65368008613586;2,2613034460571266e-07
474,06110882759094;2,250017939004613e-07
474,4676253795624;2,236549670736048e-07
474,87492775917053;2,2142815134109663e-07
475,2821068763733;2,1988258870183376e-07
475,6923358440399;2,1769334155357768e-07
476,0999975204468;2,1660690744582595e-07
476,50624775886536;2,146649743734503e-07
476,91360116004944;2,1338003636095708e-07
477,3221251964569;2,1210279139723403e-07
477,7292459011078;2,10622333955217e-07
478,1356179714203;2,0894303457260355e-07
478,54439759254456;2,0769235417020234e-07
478,9519636631012;2,0583035956314789e-07
479,36148977279663;2,0480314219282234e-07
479,76774191856384;2,0357724744697716e-07
480,1749515533447;2,0195413039790662e-07
480,5830867290497;2,0094626179240414e-07
480,99176836013794;1,9954369197695205e-07
481,398889541626;1,9834928520867988e-07
481,8052341938019;1,9637447655764156e-07
482,2053556442261;1,9441933350368907e-07
482,6056764125824;1,9344907521452143e-07
483,01322984695435;1,9229115589385343e-07
483,41950607299805;1,9114016876509705e-07
483,8292815685272;1,9018627821212382e-07
484,2364592552185;1,8904789245436763e-07
484,6427400112152;1,882927573560525e-07
485,0489830970764;1,867915257611332e-07
485,4564733505249;1,8511694466157965e-07
485,86409306526184;1,8364103777621297e-07
486,27134919166565;1,8254183624014618e-07
486,6786024570465;1,8144921513860856e-07
487,08498907089233;1,8000255538322531e-07
487,49227380752563;1,7856743141297334e-07
487,8996789455414;1,7643617400364298e-07
488,3068492412567;1,7555567630079691e-07
488,71265482902527;1,738078433106478e-07
489,1198387145996;1,7207741452358424e-07
489,52680230140686;1,7139007721285953e-07
489,9342725276947;1,7053476578722997e-07
490,3405330181122;1,695140253348699e-07
490,7478497028351;1,681625370153837e-07
491,1557049751282;1,6698882780604748e-07
491,5631763935089;1,6565747517712665e-07
491,97095465660095;1,6466593201736732e-07
492,3772165775299;1,636803245989351e-07
492,78541469573975;1,622129652315194e-07
493,19333481788635;1,6108078767433426e-07
493,6005892753601;1,5963673595475016e-07
494,0069670677185;1,5804741417001476e-07
494,4146795272827;1,5678735847849449e-07
494,81500148773193;1,552264083484451e-07
495,2291615009308;1,5445177133691842e-07
495,6354193687439;1,5368100070791688e-07
496,04282331466675;1,5215098081989362e-07
496,45267701148987;1,512402912654493e-07
496,85997009277344;1,5003451286806555e-07
497,266405582428;1,489873463305429e-07
497,67349791526794;1,4779953203632393e-07
498,08116698265076;1,4662118870918913e-07
498,4902687072754;1,4545224105868477e-07
498,89974069595337;1,4414831212961785e-07
499,305969953537;1,4314223309948206e-07
499,7135465145111;1,418590149512009e-07
500,120924949646;1,4100993411012534e-07
500,528329372406;1,3988572745313306e-07
500,9345781803131;1,3849306595605807e-07
501,3437645435333;1,373889271931383e-07
501,7509672641754;1,3602112576343212e-07
502,16099214553833;1,3507177600525477e-07
502,56725001335144;1,3439772877831108e-07
502,97461557388306;1,3359331118168726e-07
503,38219690322876;1,3252823973729644e-07
503,7896068096161;1,3173501300146638e-07
504,19885182380676;1,3068475809937494e-07
504,60509753227234;1,2964287730378095e-07
505,0134379863739;1,287380483940927e-07
505,4204924106598;1,2745638066640016e-07
505,8298923969269;1,265668135326352e-07
506,23613357543945;1,2530676357924053e-07
506,64341616630554;1,2430776265011845e-07
507,05184721946716;1,2307020505175425e-07
507,4521110057831;1,2233359257238894e-07
507,86669540405273;1,2160138971159374e-07
508,27419328689575;1,2063193187529336e-07
508,68172788619995;1,19789999298985e-07
509,0903654098511;1,1919221908259417e-07
509,49854946136475;1,1836033562090658e-07
509,90377163887024;1,1753425851261871e-07
510,3110513687134;1,1683078320795689e-07
510,7183449268341;1,1624777148358526e-07
511,1258125305176;1,1532099852634529e-07
511,5320551395416;1,1474552156258591e-07
511,9396390914917;1,1383072604240805e-07
512,3469054698944;1,1303626510492174e-07
512,754317522049;1,1235971363348476e-07
513,1605548858643;1,1124111497346815e-07
513,5678462982178;1,1035425998843092e-07
513,9761848449707;1,0980356968821237e-07
514,383594751358;1,0925562800549768e-07
514,7913496494293;1,088192440824075e-07
515,1975162029266;1,081679342101524e-07
515,6049416065216;1,0719827194681346e-07
516,0133607387543;1,0655666465729376e-07
516,4205558300018;1,0613106153563768e-07
516,8268287181854;1,0560144752815883e-07
517,2340862751007;1,047595569572894e-07
517,6418306827545;1,0361290649299303e-07
518,0420105457306;1,0288976380495668e-07
518,455968618393;1,0217166818934266e-07
518,8633406162262;1,0135712265842354e-07
519,2704734802246;1,0085133289481492e-07
519,6778359413147;1,0014746498648822e-07
520,0854578018188;9,934905830481936e-08
520,4910547733307;9,865567578749669e-08
520,898359298706;9,806520113736824e-08
521,3060500621796;9,757583963288826e-08
521,7132883071899;9,699182840280068e-08
522,119421005249;9,641131270130155e-08
522,52703166008;9,593020494942446e-08
522,9370782375336;9,535604362461483e-08
523,3445734977722;9,488020205096739e-08
523,7508194446564;9,412378990196862e-08
524,1583759784698;9,346687783442547e-08
524,5663824081421;9,290746096681808e-08
524,9747231006622;9,225903847113935e-08
525,381954908371;9,170685097727817e-08
525,7882063388824;9,088476078089466e-08
526,1983668804169;9,025047425617863e-08
526,605660200119;8,962062404884506e-08
527,0129022598267;8,899516974115542e-08
527,4191513061523;8,837408065021341e-08
527,8282797336578;8,775732620356924e-08
528,2360384464264;8,73194242243721e-08
528,642128944397;8,67968253643114e-08
529,0485391616821;8,619107832573345e-08
529,457113981247;8,576099196960948e-08
529,8642597198486;8,524772021739445e-08
530,271368265152;8,45681333677815e-08
530,6787943840027;8,389396402404108e-08
531,0849094390869;8,347534015362981e-08
531,4921159744263;8,27270747103499e-08
531,9003279209137;8,198551685329913e-08
532,3079681396484;8,133193660696759e-08
532,7142171859741;8,084517296222707e-08
533,1206707954407;8,012048407848675e-08
533,5285542011261;7,956133140155024e-08
533,9358294010162;7,908516475665052e-08
534,3420810699463;7,82978785024433e-08
534,7494802474976;7,759602406471195e-08
535,1566021442413;7,713161977399711e-08
535,564150094986;7,674674015219229e-08
535,9716553688049;7,628741894139722e-08
536,3780403137207;7,56035867176261e-08
536,78555727005;7,515110747351548e-08
537,1925532817841;7,470133643344448e-08
537,6006646156311;7,410582617633754e-08
538,0069155693054;7,351506267085207e-08
538,4140124320984;7,292900897571164e-08
538,8215842247009;7,242004580348049e-08
539,22873711586;7,177088069559943e-08
539,6349940299988;7,127000042511832e-08
540,0426638126373;7,070184483830715e-08
540,4498581886292;7,027870266164476e-08
540,859007358551;6,957908581134461e-08
541,2593729496002;6,90935020321083e-08
541,6741895675659;6,867998560023334e-08
542,0815937519073;6,820067675162929e-08
542,4909722805023;6,765698999747914e-08
542,8982875347137;6,725207128245119e-08
543,3045363426208;6,678272821063948e-08
543,7107093334198;6,625034544037739e-08
544,1179692745209;6,58538453659479e-08
544,5251581668854;6,526354022407498e-08
544,931410074234;6,474326826590943e-08
545,3391287326813;6,435578781135209e-08
545,7465407848358;6,384275242107997e-08
546,1547138690948;6,352418439020212e-08
546,5619509220123;6,314400035006939e-08
546,968207359314;6,257798646972128e-08
547,3758406639099;6,214126370851776e-08
547,7830095291138;6,176935667103308e-08
548,190268278122;6,139967544558923e-08
548,5965330600739;6,078845055484652e-08
549,003933429718;6,036421720817754e-08
549,4118621349335;5,970353887271517e-08
549,817976474762;5,928687693829504e-08
550,2242186069489;5,893205330473876e-08
550,6315984725952;5,8637989758329286e-08
551,0398950576782;5,817053720459693e-08
551,4473087787628;5,770681131679132e-08
551,8533046245575;5,718953709368204e-08
552,2605855464935;5,6790420677811364e-08
552,6677780151367;5,616885744907216e-08
553,0761857032776;5,5832695206766155e-08
553,483585357666;5,560970547706712e-08
553,8836045265198;5,527688980620885e-08
554,2972629070282;5,489112163862768e-08
554,7043659687042;5,4344689895598837e-08
555,1130547523499;5,3911463819819086e-08
555,5193078517914;5,3481691509981934e-08
555,9266836643219;5,289634314902781e-08
556,3334949016571;5,252718874373896e-08
556,7408440113068;5,2212821871775645e-08
557,1470971107483;5,18484376960016e-08
557,5554299354553;5,164136114986761e-08
557,9632050991058;5,133229609428182e-08
558,3692364692688;5,102508076951659e-08
558,7773840427399;5,056770201718508e-08
559,183641910553;5,031537661467406e-08
559,5909152030945;5,001424766342827e-08
559,9979934692383;4,976468415599364e-08
560,4055907726288;4,9466851158093714e-08
560,8118402957916;4,8778821155811647e-08
561,2195444107056;4,8486888604710393e-08
561,6269147396088;4,800421197481362e-08
562,0346648693085;4,7669200242719e-08
562,4417967796326;4,7289191679100604e-08
562,8494155406952;4,705322634530609e-08
563,2569632530212;4,667812845391849e-08
563,6647899150848;4,649170242039849e-08
564,0720176696777;4,621345843946392e-08
564,4725177288055;4,584505528896259e-08
564,885559797287;4,5479589151352836e-08
565,29319024086;4,511703658148925e-08
565,7009263038635;4,4802174675583396e-08
566,1071782112122;4,4578619533747183e-08
566,5074679851532;4,44005787232461e-08
566,922700881958;4,422324902029823e-08
567,3310508728027;4,3958581593146646e-08
567,7372920513153;4,3783017269185904e-08
568,1447050571442;4,35645475424961e-08
568,5519948005676;4,3347168088457025e-08
568,9582056999207;4,3044657920278096e-08
569,3589642047882;4,2744259036674464e-08
569,7742280960083;4,2573544737919706e-08
570,1821818351746;4,231875073768863e-08
570,5894002914429;4,2065481506962624e-08
570,9960443973541;4,1813728141895183e-08
571,4022357463837;4,160508494600664e-08
571,8095965385437;4,135608709861023e-08
572,2174303531647;4,110857961081394e-08
572,6250023841858;4,082169278329715e-08
573,0311181545258;4,061800025904646e-08
573,4386885166168;4,0374910482489905e-08
573,8459539413452;4,013327554733338e-08
574,2531855106354;3,997298966129479e-08
574,6603009700775;3,969402820717009e-08
575,0673921108246;3,9456468488383974e-08
575,47478723526;3,9220330354936976e-08
575,8823580741882;3,894662176122201e-08
576,2896702289581;3,875228595644351e-08
576,6959226131439;3,84818437640261e-08
577,0960285663605;3,82898272587077e-08
577,5101861953735;3,8022612623384675e-08
577,9176850318909;3,7832887658049037e-08
578,3239390850067;3,7606466876350805e-08
578,7311754226685;3,745627311142546e-08
579,1314556598663;3,726937411991352e-08
579,5461530685425;3,6935303165965115e-08
579,9540567398071;3,671425451288004e-08
580,3603150844574;3,649452884463123e-08
580,7677500247955;3,623984370912546e-08
581,1751458644867;3,5915001556785545e-08
581,5829255580902;3,57000595472827e-08
581,9891810417175;3,538005594286904e-08
582,3965542316437;3,506292108288762e-08
582,8036625385284;3,4818227228154774e-08
583,2123260498047;3,460984936850057e-08
583,6185789108276;3,436831769024829e-08
584,0264399051666;3,4128471545728016e-08
584,4353160858154;3,3958178442431e-08
584,8426742553711;3,375494803857332e-08
585,248922586441;3,3552933977858236e-08
585,6582298278809;3,338551274145312e-08
586,0652725696564;3,305317252393161e-08
586,4728398323059;3,262607157808119e-08
586,8825423717499;3,236598804013316e-08
587,2887933254242;3,2011755210746595e-08
587,6956503391266;3,172481414739991e-08
588,1030397415161;3,153495026298266e-08
588,5119526386261;3,137759852725799e-08
588,918206691742;3,1034183226583207e-08
589,3268480300903;3,087933035105201e-08
589,7341721057892;3,0663833691020284e-08
590,1418912410736;3,041939281041677e-08
590,5420429706573;3,011658016634613e-08
590,9576156139374;2,996630617684598e-08
591,3651609420776;2,9638337858513773e-08
591,7663562297821;2,9343300710214458e-08
592,1667556762695;2,908027947034866e-08
592,5730929374695;2,8848462734411807e-08
592,9802343845367;2,8704516789786023e-08
593,387987613678;2,839035887555716e-08
593,7958710193634;2,8248698817143517e-08
594,2026994228363;2,8107745566272155e-08
594,6100060939789;2,7800119467879486e-08
595,0201690196991;2,7578508370299406e-08
595,4275054931641;2,7386048276521893e-08
595,8337469100952;2,7113433060357128e-08
596,240350484848;2,6897296232173922e-08
596,64927983284;2,66562012294723e-08
597,0583724975586;2,639085177899917e-08
597,4666135311127;2,61281439248499e-08
597,8728497028351;2,591986186933585e-08
598,281112909317;2,579052960705911e-08
598,6882843971252;2,5584939101554622e-08
599,0959024429321;2,5355608173164332e-08
